5,7,3,1,;
1,0,0,0.8408273297750753
2,0,0,0.7483682995759101
3,0,0,0.8465499991085048
4,0,0,0.7652286597378404
5,0,0,0.8768501440830132
6,0,0,0.7398453639192148
7,0,0,0.8443794451678697
8,0,0,0.7171822915639997
-
14,9,12,14,;
1,0,2,0.7111882780216798
2,0,0,0.7483682995759101
3,0,2,0.8836592525340209
4,0,0,0.7652286597378404
5,0,2,0.8563484585421973
6,0,0,0.7398453639192148
7,0,2,0.8679095186830844
8,0,0,0.7171822915639997
9,5,0,0.8768501440830132
10,5,0,0.8563484585421973
11,7,0,0.8443794451678697
12,7,0,0.8679095186830844
13,3,0,0.8465499991085048
14,3,0,0.8836592525340209
15,1,0,0.8408273297750753
16,1,0,0.7111882780216798
-
14,17,22,19,;
1,0,2,0.7111882780216798
2,0,0,0.7483682995759101
3,0,2,0.8836592525340209
4,0,0,0.7652286597378404
5,0,2,0.8563484585421973
6,0,0,0.7398453639192148
7,0,2,0.8679095186830844
8,0,0,0.7171822915639997
9,5,2,0.898116275120647
10,5,0,0.8563484585421973
11,7,0,0.8443794451678697
12,7,2,0.8772016309923218
13,3,0,0.8465499991085048
14,3,4,0.739202921841931
15,1,0,0.8408273297750753
16,1,0,0.7111882780216798
17,14,0,0.8836592525340209
18,14,0,0.8471188862973823
19,9,0,0.8768501440830132
20,9,0,0.898116275120647
21,12,0,0.8679095186830844
22,12,0,0.8772016309923218
23,14,0,0.8342803855050928
24,14,0,0.739202921841931
-
20,20,26,28,27,17,;
1,0,2,0.7111882780216798
2,0,0,0.7483682995759101
3,0,2,0.8836592525340209
4,0,0,0.7652286597378404
5,0,2,0.8563484585421973
6,0,0,0.7398453639192148
7,0,2,0.8679095186830844
8,0,0,0.7171822915639997
9,5,2,0.898116275120647
10,5,0,0.8563484585421973
11,7,0,0.8443794451678697
12,7,2,0.8772016309923218
13,3,0,0.8465499991085048
14,3,6,0.8881583315202651
15,1,0,0.8408273297750753
16,1,0,0.7111882780216798
17,14,2,0.8867846719060304
18,14,0,0.8471188862973823
19,9,2,0.8555270755168871
20,9,0,0.898116275120647
21,12,0,0.8679095186830844
22,12,2,0.8435979399632596
23,14,0,0.8342803855050928
24,14,0,0.739202921841931
25,14,0,0.8178804283376442
26,14,0,0.8881583315202651
27,17,0,0.8836592525340209
28,17,0,0.8867846719060304
29,22,0,0.8772016309923218
30,22,0,0.8435979399632596
31,19,0,0.8768501440830132
32,19,0,0.8555270755168871
-
33,31,28,39,41,;
1,0,2,0.7111882780216798
2,0,0,0.7483682995759101
3,0,2,0.8836592525340209
4,0,0,0.7652286597378404
5,0,2,0.8563484585421973
6,0,0,0.7398453639192148
7,0,2,0.8679095186830844
8,0,0,0.7171822915639997
9,5,2,0.898116275120647
10,5,0,0.8563484585421973
11,7,0,0.8443794451678697
12,7,2,0.8772016309923218
13,3,0,0.8465499991085048
14,3,6,0.8881583315202651
15,1,0,0.8408273297750753
16,1,0,0.7111882780216798
17,14,4,0.7947668941437471
18,14,0,0.8471188862973823
19,9,2,0.8555270755168871
20,9,4,0.8517321990859084
21,12,0,0.8679095186830844
22,12,2,0.8435979399632596
23,14,0,0.8342803855050928
24,14,0,0.739202921841931
25,14,0,0.8178804283376442
26,14,2,0.7628215780470665
27,17,2,0.8573566421549129
28,17,2,0.7590367710684428
29,22,0,0.8772016309923218
30,22,0,0.8435979399632596
31,19,0,0.8768501440830132
32,19,0,0.8555270755168871
33,20,0,0.898116275120647
34,20,0,0.8223044697092179
35,20,0,0.8695451266962764
36,20,0,0.8517321990859084
37,26,0,0.8881583315202651
38,26,0,0.7628215780470665
39,28,0,0.8867846719060304
40,28,0,0.7590367710684428
41,27,0,0.8836592525340209
42,27,0,0.8573566421549129
43,17,0,0.8050186805657735
44,17,0,0.7947668941437471
-
48,37,51,39,;
1,0,2,0.7111882780216798
2,0,0,0.7483682995759101
3,0,2,0.8836592525340209
4,0,0,0.7652286597378404
5,0,2,0.8563484585421973
6,0,0,0.7398453639192148
7,0,2,0.8679095186830844
8,0,0,0.7171822915639997
9,5,2,0.898116275120647
10,5,0,0.8563484585421973
11,7,0,0.8443794451678697
12,7,2,0.8772016309923218
13,3,0,0.8465499991085048
14,3,6,0.8881583315202651
15,1,0,0.8408273297750753
16,1,0,0.7111882780216798
17,14,4,0.7947668941437471
18,14,0,0.8471188862973823
19,9,2,0.8555270755168871
20,9,4,0.8517321990859084
21,12,0,0.8679095186830844
22,12,2,0.8435979399632596
23,14,0,0.8342803855050928
24,14,0,0.739202921841931
25,14,0,0.8178804283376442
26,14,2,0.7628215780470665
27,17,2,0.8573566421549129
28,17,4,0.8112773703784882
29,22,0,0.8772016309923218
30,22,0,0.8435979399632596
31,19,2,0.8899441269577398
32,19,0,0.8555270755168871
33,20,2,0.8470539893472615
34,20,0,0.8223044697092179
35,20,0,0.8695451266962764
36,20,0,0.8517321990859084
37,26,0,0.8881583315202651
38,26,0,0.7628215780470665
39,28,2,0.844471492760038
40,28,0,0.7590367710684428
41,27,2,0.8854716548441753
42,27,0,0.8573566421549129
43,17,0,0.8050186805657735
44,17,0,0.7947668941437471
45,33,0,0.898116275120647
46,33,0,0.8470539893472615
47,31,0,0.8768501440830132
48,31,0,0.8899441269577398
49,28,0,0.8321345669145154
50,28,0,0.8112773703784882
51,39,0,0.8867846719060304
52,39,0,0.844471492760038
53,41,0,0.8836592525340209
54,41,0,0.8854716548441753
-
26,39,59,53,41,27,48,45,33,;
1,0,2,0.7111882780216798
2,0,0,0.7483682995759101
3,0,2,0.8836592525340209
4,0,0,0.7652286597378404
5,0,2,0.8563484585421973
6,0,0,0.7398453639192148
7,0,2,0.8679095186830844
8,0,0,0.7171822915639997
9,5,2,0.898116275120647
10,5,0,0.8563484585421973
11,7,0,0.8443794451678697
12,7,2,0.8772016309923218
13,3,0,0.8465499991085048
14,3,6,0.8881583315202651
15,1,0,0.8408273297750753
16,1,0,0.7111882780216798
17,14,4,0.7947668941437471
18,14,0,0.8471188862973823
19,9,2,0.8555270755168871
20,9,4,0.8517321990859084
21,12,0,0.8679095186830844
22,12,2,0.8435979399632596
23,14,0,0.8342803855050928
24,14,0,0.739202921841931
25,14,0,0.8178804283376442
26,14,2,0.7628215780470665
27,17,2,0.8573566421549129
28,17,4,0.8112773703784882
29,22,0,0.8772016309923218
30,22,0,0.8435979399632596
31,19,2,0.8899441269577398
32,19,0,0.8555270755168871
33,20,2,0.8470539893472615
34,20,0,0.8223044697092179
35,20,0,0.8695451266962764
36,20,0,0.8517321990859084
37,26,2,0.8556966465272513
38,26,0,0.7628215780470665
39,28,4,0.7660716431050963
40,28,0,0.7590367710684428
41,27,2,0.8854716548441753
42,27,0,0.8573566421549129
43,17,0,0.8050186805657735
44,17,0,0.7947668941437471
45,33,0,0.898116275120647
46,33,0,0.8470539893472615
47,31,0,0.8768501440830132
48,31,2,0.8391185619063917
49,28,0,0.8321345669145154
50,28,0,0.8112773703784882
51,39,2,0.8181193677288677
52,39,0,0.844471492760038
53,41,0,0.8836592525340209
54,41,0,0.8854716548441753
55,48,0,0.8899441269577398
56,48,0,0.8391185619063917
57,37,0,0.8881583315202651
58,37,0,0.8556966465272513
59,51,0,0.8867846719060304
60,51,0,0.8181193677288677
61,39,0,0.7908411932762752
62,39,0,0.7660716431050963
-
78,80,45,77,55,48,59,67,69,80,78,77,;
1,0,2,0.7111882780216798
2,0,0,0.7483682995759101
3,0,2,0.8836592525340209
4,0,0,0.7652286597378404
5,0,2,0.8563484585421973
6,0,0,0.7398453639192148
7,0,2,0.8679095186830844
8,0,0,0.7171822915639997
9,5,2,0.898116275120647
10,5,0,0.8563484585421973
11,7,0,0.8443794451678697
12,7,2,0.8772016309923218
13,3,0,0.8465499991085048
14,3,6,0.8881583315202651
15,1,0,0.8408273297750753
16,1,0,0.7111882780216798
17,14,4,0.7947668941437471
18,14,0,0.8471188862973823
19,9,2,0.8555270755168871
20,9,4,0.8517321990859084
21,12,0,0.8679095186830844
22,12,2,0.8435979399632596
23,14,0,0.8342803855050928
24,14,0,0.739202921841931
25,14,0,0.8178804283376442
26,14,4,0.826509708514819
27,17,4,0.8655727786582939
28,17,4,0.8112773703784882
29,22,0,0.8772016309923218
30,22,0,0.8435979399632596
31,19,2,0.8899441269577398
32,19,0,0.8555270755168871
33,20,4,0.8973313651367112
34,20,0,0.8223044697092179
35,20,0,0.8695451266962764
36,20,0,0.8517321990859084
37,26,2,0.8556966465272513
38,26,0,0.7628215780470665
39,28,6,0.831819898975079
40,28,0,0.7590367710684428
41,27,4,0.8338850307570942
42,27,0,0.8573566421549129
43,17,0,0.8050186805657735
44,17,0,0.7947668941437471
45,33,2,0.9049249943566787
46,33,0,0.8470539893472615
47,31,0,0.8768501440830132
48,31,4,0.8891950592822799
49,28,0,0.8321345669145154
50,28,0,0.8112773703784882
51,39,2,0.8181193677288677
52,39,0,0.844471492760038
53,41,2,0.8682791876047764
54,41,0,0.8854716548441753
55,48,0,0.8899441269577398
56,48,0,0.8391185619063917
57,37,0,0.8881583315202651
58,37,0,0.8556966465272513
59,51,2,0.8584431239386439
60,51,0,0.8181193677288677
61,39,0,0.7908411932762752
62,39,0,0.7660716431050963
63,26,0,0.8874103211858161
64,26,0,0.826509708514819
65,39,0,0.7856252651698649
66,39,0,0.831819898975079
67,59,0,0.8867846719060304
68,59,0,0.8584431239386439
69,53,0,0.8836592525340209
70,53,0,0.8682791876047764
71,41,0,0.8600306510387785
72,41,0,0.8338850307570942
73,27,0,0.8014271928194966
74,27,0,0.8655727786582939
75,48,0,0.817713688408623
76,48,0,0.8891950592822799
77,45,0,0.898116275120647
78,45,0,0.9049249943566787
79,33,0,0.8640024121188574
80,33,0,0.8973313651367112
-
84,82,81,87,78,51,;
1,0,2,0.7111882780216798
2,0,0,0.7483682995759101
3,0,2,0.8836592525340209
4,0,0,0.7652286597378404
5,0,2,0.8563484585421973
6,0,0,0.7398453639192148
7,0,2,0.8679095186830844
8,0,0,0.7171822915639997
9,5,2,0.898116275120647
10,5,0,0.8563484585421973
11,7,0,0.8443794451678697
12,7,2,0.8772016309923218
13,3,0,0.8465499991085048
14,3,6,0.8881583315202651
15,1,0,0.8408273297750753
16,1,0,0.7111882780216798
17,14,4,0.7947668941437471
18,14,0,0.8471188862973823
19,9,2,0.8555270755168871
20,9,4,0.8517321990859084
21,12,0,0.8679095186830844
22,12,2,0.8435979399632596
23,14,0,0.8342803855050928
24,14,0,0.739202921841931
25,14,0,0.8178804283376442
26,14,4,0.826509708514819
27,17,4,0.8655727786582939
28,17,4,0.8112773703784882
29,22,0,0.8772016309923218
30,22,0,0.8435979399632596
31,19,2,0.8899441269577398
32,19,0,0.8555270755168871
33,20,4,0.8973313651367112
34,20,0,0.8223044697092179
35,20,0,0.8695451266962764
36,20,0,0.8517321990859084
37,26,2,0.8556966465272513
38,26,0,0.7628215780470665
39,28,6,0.831819898975079
40,28,0,0.7590367710684428
41,27,4,0.8338850307570942
42,27,0,0.8573566421549129
43,17,0,0.8050186805657735
44,17,0,0.7947668941437471
45,33,4,0.8549116561430666
46,33,0,0.8470539893472615
47,31,0,0.8768501440830132
48,31,6,0.8212100359019135
49,28,0,0.8321345669145154
50,28,0,0.8112773703784882
51,39,2,0.8181193677288677
52,39,0,0.844471492760038
53,41,2,0.8682791876047764
54,41,0,0.8854716548441753
55,48,2,0.8502592469507095
56,48,0,0.8391185619063917
57,37,0,0.8881583315202651
58,37,0,0.8556966465272513
59,51,4,0.860934231290539
60,51,0,0.8181193677288677
61,39,0,0.7908411932762752
62,39,0,0.7660716431050963
63,26,0,0.8874103211858161
64,26,0,0.826509708514819
65,39,0,0.7856252651698649
66,39,0,0.831819898975079
67,59,2,0.8238668149920576
68,59,0,0.8584431239386439
69,53,2,0.7805642983722263
70,53,0,0.8682791876047764
71,41,0,0.8600306510387785
72,41,0,0.8338850307570942
73,27,0,0.8014271928194966
74,27,0,0.8655727786582939
75,48,0,0.817713688408623
76,48,0,0.8891950592822799
77,45,4,0.8896345492785662
78,45,4,0.8817811846943853
79,33,0,0.8640024121188574
80,33,4,0.8908506694157632
81,78,0,0.9049249943566787
82,78,0,0.9106030245662211
83,80,0,0.8973313651367112
84,80,0,0.8996810276432842
85,45,0,0.8824593687606433
86,45,0,0.8549116561430666
87,77,0,0.898116275120647
88,77,0,0.8499046953885017
89,55,0,0.8899441269577398
90,55,0,0.8502592469507095
91,48,0,0.7793760796583393
92,48,0,0.8212100359019135
93,59,0,0.8513279977384445
94,59,0,0.860934231290539
95,67,0,0.8867846719060304
96,67,0,0.8238668149920576
97,69,0,0.8836592525340209
98,69,0,0.7805642983722263
99,80,0,0.8616738388470983
100,80,0,0.8908506694157632
101,78,0,0.8815177058216831
102,78,0,0.8817811846943853
103,77,0,0.8861267393929291
104,77,0,0.8896345492785662
-
82,107,114,109,81,111,;
1,0,2,0.7111882780216798
2,0,0,0.7483682995759101
3,0,2,0.8836592525340209
4,0,0,0.7652286597378404
5,0,2,0.8563484585421973
6,0,0,0.7398453639192148
7,0,2,0.8679095186830844
8,0,0,0.7171822915639997
9,5,2,0.898116275120647
10,5,0,0.8563484585421973
11,7,0,0.8443794451678697
12,7,2,0.8772016309923218
13,3,0,0.8465499991085048
14,3,6,0.8881583315202651
15,1,0,0.8408273297750753
16,1,0,0.7111882780216798
17,14,4,0.7947668941437471
18,14,0,0.8471188862973823
19,9,2,0.8555270755168871
20,9,4,0.8517321990859084
21,12,0,0.8679095186830844
22,12,2,0.8435979399632596
23,14,0,0.8342803855050928
24,14,0,0.739202921841931
25,14,0,0.8178804283376442
26,14,4,0.826509708514819
27,17,4,0.8655727786582939
28,17,4,0.8112773703784882
29,22,0,0.8772016309923218
30,22,0,0.8435979399632596
31,19,2,0.8899441269577398
32,19,0,0.8555270755168871
33,20,4,0.8973313651367112
34,20,0,0.8223044697092179
35,20,0,0.8695451266962764
36,20,0,0.8517321990859084
37,26,2,0.8556966465272513
38,26,0,0.7628215780470665
39,28,6,0.831819898975079
40,28,0,0.7590367710684428
41,27,4,0.8338850307570942
42,27,0,0.8573566421549129
43,17,0,0.8050186805657735
44,17,0,0.7947668941437471
45,33,4,0.8549116561430666
46,33,0,0.8470539893472615
47,31,0,0.8768501440830132
48,31,6,0.8212100359019135
49,28,0,0.8321345669145154
50,28,0,0.8112773703784882
51,39,4,0.8855449232160281
52,39,0,0.844471492760038
53,41,2,0.8682791876047764
54,41,0,0.8854716548441753
55,48,2,0.8502592469507095
56,48,0,0.8391185619063917
57,37,0,0.8881583315202651
58,37,0,0.8556966465272513
59,51,4,0.860934231290539
60,51,0,0.8181193677288677
61,39,0,0.7908411932762752
62,39,0,0.7660716431050963
63,26,0,0.8874103211858161
64,26,0,0.826509708514819
65,39,0,0.7856252651698649
66,39,0,0.831819898975079
67,59,2,0.8238668149920576
68,59,0,0.8584431239386439
69,53,2,0.7805642983722263
70,53,0,0.8682791876047764
71,41,0,0.8600306510387785
72,41,0,0.8338850307570942
73,27,0,0.8014271928194966
74,27,0,0.8655727786582939
75,48,0,0.817713688408623
76,48,0,0.8891950592822799
77,45,4,0.8896345492785662
78,45,6,0.9051513715411778
79,33,0,0.8640024121188574
80,33,4,0.8908506694157632
81,78,2,0.8527289232078513
82,78,2,0.8456386108775092
83,80,0,0.8973313651367112
84,80,2,0.852251409011852
85,45,0,0.8824593687606433
86,45,0,0.8549116561430666
87,77,2,0.8611123682747135
88,77,0,0.8499046953885017
89,55,0,0.8899441269577398
90,55,0,0.8502592469507095
91,48,0,0.7793760796583393
92,48,0,0.8212100359019135
93,59,0,0.8513279977384445
94,59,0,0.860934231290539
95,67,0,0.8867846719060304
96,67,0,0.8238668149920576
97,69,0,0.8836592525340209
98,69,0,0.7805642983722263
99,80,0,0.8616738388470983
100,80,0,0.8908506694157632
101,78,0,0.8815177058216831
102,78,0,0.8817811846943853
103,77,0,0.8861267393929291
104,77,0,0.8896345492785662
105,84,0,0.8996810276432842
106,84,0,0.852251409011852
107,82,0,0.9106030245662211
108,82,0,0.8456386108775092
109,81,0,0.9049249943566787
110,81,0,0.8527289232078513
111,87,0,0.898116275120647
112,87,0,0.8611123682747135
113,78,0,0.868534810462908
114,78,0,0.9051513715411778
115,51,0,0.7903056042023033
116,51,0,0.8855449232160281
-
33,84,105,;
1,0,2,0.7111882780216798
2,0,0,0.7483682995759101
3,0,2,0.8836592525340209
4,0,0,0.7652286597378404
5,0,2,0.8563484585421973
6,0,0,0.7398453639192148
7,0,2,0.8679095186830844
8,0,0,0.7171822915639997
9,5,2,0.898116275120647
10,5,0,0.8563484585421973
11,7,0,0.8443794451678697
12,7,2,0.8772016309923218
13,3,0,0.8465499991085048
14,3,6,0.8881583315202651
15,1,0,0.8408273297750753
16,1,0,0.7111882780216798
17,14,4,0.7947668941437471
18,14,0,0.8471188862973823
19,9,2,0.8555270755168871
20,9,4,0.8517321990859084
21,12,0,0.8679095186830844
22,12,2,0.8435979399632596
23,14,0,0.8342803855050928
24,14,0,0.739202921841931
25,14,0,0.8178804283376442
26,14,4,0.826509708514819
27,17,4,0.8655727786582939
28,17,4,0.8112773703784882
29,22,0,0.8772016309923218
30,22,0,0.8435979399632596
31,19,2,0.8899441269577398
32,19,0,0.8555270755168871
33,20,4,0.8973313651367112
34,20,0,0.8223044697092179
35,20,0,0.8695451266962764
36,20,0,0.8517321990859084
37,26,2,0.8556966465272513
38,26,0,0.7628215780470665
39,28,6,0.831819898975079
40,28,0,0.7590367710684428
41,27,4,0.8338850307570942
42,27,0,0.8573566421549129
43,17,0,0.8050186805657735
44,17,0,0.7947668941437471
45,33,4,0.8549116561430666
46,33,0,0.8470539893472615
47,31,0,0.8768501440830132
48,31,6,0.8212100359019135
49,28,0,0.8321345669145154
50,28,0,0.8112773703784882
51,39,4,0.8855449232160281
52,39,0,0.844471492760038
53,41,2,0.8682791876047764
54,41,0,0.8854716548441753
55,48,2,0.8502592469507095
56,48,0,0.8391185619063917
57,37,0,0.8881583315202651
58,37,0,0.8556966465272513
59,51,4,0.860934231290539
60,51,0,0.8181193677288677
61,39,0,0.7908411932762752
62,39,0,0.7660716431050963
63,26,0,0.8874103211858161
64,26,0,0.826509708514819
65,39,0,0.7856252651698649
66,39,0,0.831819898975079
67,59,2,0.8238668149920576
68,59,0,0.8584431239386439
69,53,2,0.7805642983722263
70,53,0,0.8682791876047764
71,41,0,0.8600306510387785
72,41,0,0.8338850307570942
73,27,0,0.8014271928194966
74,27,0,0.8655727786582939
75,48,0,0.817713688408623
76,48,0,0.8891950592822799
77,45,4,0.8896345492785662
78,45,6,0.9051513715411778
79,33,0,0.8640024121188574
80,33,4,0.8908506694157632
81,78,4,0.8536456951906286
82,78,4,0.8646544889886655
83,80,0,0.8973313651367112
84,80,2,0.852251409011852
85,45,0,0.8824593687606433
86,45,0,0.8549116561430666
87,77,2,0.8611123682747135
88,77,0,0.8499046953885017
89,55,0,0.8899441269577398
90,55,0,0.8502592469507095
91,48,0,0.7793760796583393
92,48,0,0.8212100359019135
93,59,0,0.8513279977384445
94,59,0,0.860934231290539
95,67,0,0.8867846719060304
96,67,0,0.8238668149920576
97,69,0,0.8836592525340209
98,69,0,0.7805642983722263
99,80,0,0.8616738388470983
100,80,0,0.8908506694157632
101,78,0,0.8815177058216831
102,78,0,0.8817811846943853
103,77,0,0.8861267393929291
104,77,0,0.8896345492785662
105,84,0,0.8996810276432842
106,84,0,0.852251409011852
107,82,2,0.8766069805712259
108,82,0,0.8456386108775092
109,81,2,0.8393984385321172
110,81,0,0.8527289232078513
111,87,2,0.8958357080132276
112,87,0,0.8611123682747135
113,78,0,0.868534810462908
114,78,2,0.8675474266207519
115,51,0,0.7903056042023033
116,51,0,0.8855449232160281
117,82,0,0.903539227571172
118,82,0,0.8646544889886655
119,107,0,0.9106030245662211
120,107,0,0.8766069805712259
121,114,0,0.9051513715411778
122,114,0,0.8675474266207519
123,109,0,0.9049249943566787
124,109,0,0.8393984385321172
125,81,0,0.8876185276727623
126,81,0,0.8536456951906286
127,111,0,0.898116275120647
128,111,0,0.8958357080132276
-
131,134,119,107,121,123,;
1,0,2,0.7111882780216798
2,0,0,0.7483682995759101
3,0,2,0.8836592525340209
4,0,0,0.7652286597378404
5,0,2,0.8563484585421973
6,0,0,0.7398453639192148
7,0,2,0.8679095186830844
8,0,0,0.7171822915639997
9,5,2,0.898116275120647
10,5,0,0.8563484585421973
11,7,0,0.8443794451678697
12,7,2,0.8772016309923218
13,3,0,0.8465499991085048
14,3,6,0.8881583315202651
15,1,0,0.8408273297750753
16,1,0,0.7111882780216798
17,14,4,0.7947668941437471
18,14,0,0.8471188862973823
19,9,2,0.8555270755168871
20,9,4,0.8517321990859084
21,12,0,0.8679095186830844
22,12,2,0.8435979399632596
23,14,0,0.8342803855050928
24,14,0,0.739202921841931
25,14,0,0.8178804283376442
26,14,4,0.826509708514819
27,17,4,0.8655727786582939
28,17,4,0.8112773703784882
29,22,0,0.8772016309923218
30,22,0,0.8435979399632596
31,19,2,0.8899441269577398
32,19,0,0.8555270755168871
33,20,6,0.8419926017780082
34,20,0,0.8223044697092179
35,20,0,0.8695451266962764
36,20,0,0.8517321990859084
37,26,2,0.8556966465272513
38,26,0,0.7628215780470665
39,28,6,0.831819898975079
40,28,0,0.7590367710684428
41,27,4,0.8338850307570942
42,27,0,0.8573566421549129
43,17,0,0.8050186805657735
44,17,0,0.7947668941437471
45,33,4,0.8549116561430666
46,33,0,0.8470539893472615
47,31,0,0.8768501440830132
48,31,6,0.8212100359019135
49,28,0,0.8321345669145154
50,28,0,0.8112773703784882
51,39,4,0.8855449232160281
52,39,0,0.844471492760038
53,41,2,0.8682791876047764
54,41,0,0.8854716548441753
55,48,2,0.8502592469507095
56,48,0,0.8391185619063917
57,37,0,0.8881583315202651
58,37,0,0.8556966465272513
59,51,4,0.860934231290539
60,51,0,0.8181193677288677
61,39,0,0.7908411932762752
62,39,0,0.7660716431050963
63,26,0,0.8874103211858161
64,26,0,0.826509708514819
65,39,0,0.7856252651698649
66,39,0,0.831819898975079
67,59,2,0.8238668149920576
68,59,0,0.8584431239386439
69,53,2,0.7805642983722263
70,53,0,0.8682791876047764
71,41,0,0.8600306510387785
72,41,0,0.8338850307570942
73,27,0,0.8014271928194966
74,27,0,0.8655727786582939
75,48,0,0.817713688408623
76,48,0,0.8891950592822799
77,45,4,0.8896345492785662
78,45,6,0.9051513715411778
79,33,0,0.8640024121188574
80,33,4,0.8908506694157632
81,78,4,0.8536456951906286
82,78,4,0.8646544889886655
83,80,0,0.8973313651367112
84,80,4,0.8670575161938185
85,45,0,0.8824593687606433
86,45,0,0.8549116561430666
87,77,2,0.8611123682747135
88,77,0,0.8499046953885017
89,55,0,0.8899441269577398
90,55,0,0.8502592469507095
91,48,0,0.7793760796583393
92,48,0,0.8212100359019135
93,59,0,0.8513279977384445
94,59,0,0.860934231290539
95,67,0,0.8867846719060304
96,67,0,0.8238668149920576
97,69,0,0.8836592525340209
98,69,0,0.7805642983722263
99,80,0,0.8616738388470983
100,80,0,0.8908506694157632
101,78,0,0.8815177058216831
102,78,0,0.8817811846943853
103,77,0,0.8861267393929291
104,77,0,0.8896345492785662
105,84,2,0.9107900550505217
106,84,0,0.852251409011852
107,82,2,0.8766069805712259
108,82,0,0.8456386108775092
109,81,2,0.8393984385321172
110,81,0,0.8527289232078513
111,87,2,0.8958357080132276
112,87,0,0.8611123682747135
113,78,0,0.868534810462908
114,78,2,0.8675474266207519
115,51,0,0.7903056042023033
116,51,0,0.8855449232160281
117,82,0,0.903539227571172
118,82,0,0.8646544889886655
119,107,0,0.9106030245662211
120,107,0,0.8766069805712259
121,114,0,0.9051513715411778
122,114,0,0.8675474266207519
123,109,0,0.9049249943566787
124,109,0,0.8393984385321172
125,81,0,0.8876185276727623
126,81,0,0.8536456951906286
127,111,0,0.898116275120647
128,111,0,0.8958357080132276
129,33,0,0.9016857259265934
130,33,0,0.8419926017780082
131,84,0,0.9101586328346151
132,84,0,0.8670575161938185
133,105,0,0.8996810276432842
134,105,0,0.9107900550505217
-
137,134,135,131,133,;
1,0,2,0.7111882780216798
2,0,0,0.7483682995759101
3,0,2,0.8836592525340209
4,0,0,0.7652286597378404
5,0,2,0.8563484585421973
6,0,0,0.7398453639192148
7,0,2,0.8679095186830844
8,0,0,0.7171822915639997
9,5,2,0.898116275120647
10,5,0,0.8563484585421973
11,7,0,0.8443794451678697
12,7,2,0.8772016309923218
13,3,0,0.8465499991085048
14,3,6,0.8881583315202651
15,1,0,0.8408273297750753
16,1,0,0.7111882780216798
17,14,4,0.7947668941437471
18,14,0,0.8471188862973823
19,9,2,0.8555270755168871
20,9,4,0.8517321990859084
21,12,0,0.8679095186830844
22,12,2,0.8435979399632596
23,14,0,0.8342803855050928
24,14,0,0.739202921841931
25,14,0,0.8178804283376442
26,14,4,0.826509708514819
27,17,4,0.8655727786582939
28,17,4,0.8112773703784882
29,22,0,0.8772016309923218
30,22,0,0.8435979399632596
31,19,2,0.8899441269577398
32,19,0,0.8555270755168871
33,20,6,0.8419926017780082
34,20,0,0.8223044697092179
35,20,0,0.8695451266962764
36,20,0,0.8517321990859084
37,26,2,0.8556966465272513
38,26,0,0.7628215780470665
39,28,6,0.831819898975079
40,28,0,0.7590367710684428
41,27,4,0.8338850307570942
42,27,0,0.8573566421549129
43,17,0,0.8050186805657735
44,17,0,0.7947668941437471
45,33,4,0.8549116561430666
46,33,0,0.8470539893472615
47,31,0,0.8768501440830132
48,31,6,0.8212100359019135
49,28,0,0.8321345669145154
50,28,0,0.8112773703784882
51,39,4,0.8855449232160281
52,39,0,0.844471492760038
53,41,2,0.8682791876047764
54,41,0,0.8854716548441753
55,48,2,0.8502592469507095
56,48,0,0.8391185619063917
57,37,0,0.8881583315202651
58,37,0,0.8556966465272513
59,51,4,0.860934231290539
60,51,0,0.8181193677288677
61,39,0,0.7908411932762752
62,39,0,0.7660716431050963
63,26,0,0.8874103211858161
64,26,0,0.826509708514819
65,39,0,0.7856252651698649
66,39,0,0.831819898975079
67,59,2,0.8238668149920576
68,59,0,0.8584431239386439
69,53,2,0.7805642983722263
70,53,0,0.8682791876047764
71,41,0,0.8600306510387785
72,41,0,0.8338850307570942
73,27,0,0.8014271928194966
74,27,0,0.8655727786582939
75,48,0,0.817713688408623
76,48,0,0.8891950592822799
77,45,4,0.8896345492785662
78,45,6,0.9051513715411778
79,33,0,0.8640024121188574
80,33,4,0.8908506694157632
81,78,4,0.8536456951906286
82,78,4,0.8646544889886655
83,80,0,0.8973313651367112
84,80,4,0.8670575161938185
85,45,0,0.8824593687606433
86,45,0,0.8549116561430666
87,77,2,0.8611123682747135
88,77,0,0.8499046953885017
89,55,0,0.8899441269577398
90,55,0,0.8502592469507095
91,48,0,0.7793760796583393
92,48,0,0.8212100359019135
93,59,0,0.8513279977384445
94,59,0,0.860934231290539
95,67,0,0.8867846719060304
96,67,0,0.8238668149920576
97,69,0,0.8836592525340209
98,69,0,0.7805642983722263
99,80,0,0.8616738388470983
100,80,0,0.8908506694157632
101,78,0,0.8815177058216831
102,78,0,0.8817811846943853
103,77,0,0.8861267393929291
104,77,0,0.8896345492785662
105,84,2,0.9107900550505217
106,84,0,0.852251409011852
107,82,4,0.8951283548663497
108,82,0,0.8456386108775092
109,81,2,0.8393984385321172
110,81,0,0.8527289232078513
111,87,2,0.8958357080132276
112,87,0,0.8611123682747135
113,78,0,0.868534810462908
114,78,2,0.8675474266207519
115,51,0,0.7903056042023033
116,51,0,0.8855449232160281
117,82,0,0.903539227571172
118,82,0,0.8646544889886655
119,107,2,0.885921524808847
120,107,0,0.8766069805712259
121,114,2,0.844410224874082
122,114,0,0.8675474266207519
123,109,2,0.8752371687900461
124,109,0,0.8393984385321172
125,81,0,0.8876185276727623
126,81,0,0.8536456951906286
127,111,0,0.898116275120647
128,111,0,0.8958357080132276
129,33,0,0.9016857259265934
130,33,0,0.8419926017780082
131,84,2,0.8628184217682617
132,84,0,0.8670575161938185
133,105,0,0.8996810276432842
134,105,2,0.8992904256067118
135,131,0,0.9101586328346151
136,131,0,0.8628184217682617
137,134,0,0.9107900550505217
138,134,0,0.8992904256067118
139,119,0,0.9106030245662211
140,119,0,0.885921524808847
141,107,0,0.885382739509109
142,107,0,0.8951283548663497
143,121,0,0.9051513715411778
144,121,0,0.844410224874082
145,123,0,0.9049249943566787
146,123,0,0.8752371687900461
-
154,154,154,154,151,150,147,155,;
1,0,2,0.7111882780216798
2,0,0,0.7483682995759101
3,0,2,0.8836592525340209
4,0,0,0.7652286597378404
5,0,2,0.8563484585421973
6,0,0,0.7398453639192148
7,0,2,0.8679095186830844
8,0,0,0.7171822915639997
9,5,2,0.898116275120647
10,5,0,0.8563484585421973
11,7,0,0.8443794451678697
12,7,2,0.8772016309923218
13,3,0,0.8465499991085048
14,3,6,0.8881583315202651
15,1,0,0.8408273297750753
16,1,0,0.7111882780216798
17,14,4,0.7947668941437471
18,14,0,0.8471188862973823
19,9,2,0.8555270755168871
20,9,4,0.8517321990859084
21,12,0,0.8679095186830844
22,12,2,0.8435979399632596
23,14,0,0.8342803855050928
24,14,0,0.739202921841931
25,14,0,0.8178804283376442
26,14,4,0.826509708514819
27,17,4,0.8655727786582939
28,17,4,0.8112773703784882
29,22,0,0.8772016309923218
30,22,0,0.8435979399632596
31,19,2,0.8899441269577398
32,19,0,0.8555270755168871
33,20,6,0.8419926017780082
34,20,0,0.8223044697092179
35,20,0,0.8695451266962764
36,20,0,0.8517321990859084
37,26,2,0.8556966465272513
38,26,0,0.7628215780470665
39,28,6,0.831819898975079
40,28,0,0.7590367710684428
41,27,4,0.8338850307570942
42,27,0,0.8573566421549129
43,17,0,0.8050186805657735
44,17,0,0.7947668941437471
45,33,4,0.8549116561430666
46,33,0,0.8470539893472615
47,31,0,0.8768501440830132
48,31,6,0.8212100359019135
49,28,0,0.8321345669145154
50,28,0,0.8112773703784882
51,39,4,0.8855449232160281
52,39,0,0.844471492760038
53,41,2,0.8682791876047764
54,41,0,0.8854716548441753
55,48,2,0.8502592469507095
56,48,0,0.8391185619063917
57,37,0,0.8881583315202651
58,37,0,0.8556966465272513
59,51,4,0.860934231290539
60,51,0,0.8181193677288677
61,39,0,0.7908411932762752
62,39,0,0.7660716431050963
63,26,0,0.8874103211858161
64,26,0,0.826509708514819
65,39,0,0.7856252651698649
66,39,0,0.831819898975079
67,59,2,0.8238668149920576
68,59,0,0.8584431239386439
69,53,2,0.7805642983722263
70,53,0,0.8682791876047764
71,41,0,0.8600306510387785
72,41,0,0.8338850307570942
73,27,0,0.8014271928194966
74,27,0,0.8655727786582939
75,48,0,0.817713688408623
76,48,0,0.8891950592822799
77,45,4,0.8896345492785662
78,45,6,0.9051513715411778
79,33,0,0.8640024121188574
80,33,4,0.8908506694157632
81,78,4,0.8536456951906286
82,78,4,0.8646544889886655
83,80,0,0.8973313651367112
84,80,4,0.8670575161938185
85,45,0,0.8824593687606433
86,45,0,0.8549116561430666
87,77,2,0.8611123682747135
88,77,0,0.8499046953885017
89,55,0,0.8899441269577398
90,55,0,0.8502592469507095
91,48,0,0.7793760796583393
92,48,0,0.8212100359019135
93,59,0,0.8513279977384445
94,59,0,0.860934231290539
95,67,0,0.8867846719060304
96,67,0,0.8238668149920576
97,69,0,0.8836592525340209
98,69,0,0.7805642983722263
99,80,0,0.8616738388470983
100,80,0,0.8908506694157632
101,78,0,0.8815177058216831
102,78,0,0.8817811846943853
103,77,0,0.8861267393929291
104,77,0,0.8896345492785662
105,84,2,0.9107900550505217
106,84,0,0.852251409011852
107,82,4,0.8951283548663497
108,82,0,0.8456386108775092
109,81,2,0.8393984385321172
110,81,0,0.8527289232078513
111,87,2,0.8958357080132276
112,87,0,0.8611123682747135
113,78,0,0.868534810462908
114,78,2,0.8675474266207519
115,51,0,0.7903056042023033
116,51,0,0.8855449232160281
117,82,0,0.903539227571172
118,82,0,0.8646544889886655
119,107,2,0.885921524808847
120,107,0,0.8766069805712259
121,114,2,0.844410224874082
122,114,0,0.8675474266207519
123,109,2,0.8752371687900461
124,109,0,0.8393984385321172
125,81,0,0.8876185276727623
126,81,0,0.8536456951906286
127,111,0,0.898116275120647
128,111,0,0.8958357080132276
129,33,0,0.9016857259265934
130,33,0,0.8419926017780082
131,84,4,0.9312855453340282
132,84,0,0.8670575161938185
133,105,2,0.8709475572648829
134,105,4,0.9242235179367451
135,131,2,0.8482419354483041
136,131,0,0.8628184217682617
137,134,2,0.9035057092485643
138,134,0,0.8992904256067118
139,119,0,0.9106030245662211
140,119,0,0.885921524808847
141,107,0,0.885382739509109
142,107,0,0.8951283548663497
143,121,0,0.9051513715411778
144,121,0,0.844410224874082
145,123,0,0.9049249943566787
146,123,0,0.8752371687900461
147,137,0,0.9107900550505217
148,137,0,0.9035057092485643
149,134,0,0.9022351143563534
150,134,0,0.9242235179367451
151,135,0,0.9101586328346151
152,135,0,0.8482419354483041
153,131,0,0.8610513748643045
154,131,0,0.9312855453340282
155,133,0,0.8996810276432842
156,133,0,0.8709475572648829
-
157,160,161,167,;
1,0,2,0.7111882780216798
2,0,0,0.7483682995759101
3,0,2,0.8836592525340209
4,0,0,0.7652286597378404
5,0,2,0.8563484585421973
6,0,0,0.7398453639192148
7,0,2,0.8679095186830844
8,0,0,0.7171822915639997
9,5,2,0.898116275120647
10,5,0,0.8563484585421973
11,7,0,0.8443794451678697
12,7,2,0.8772016309923218
13,3,0,0.8465499991085048
14,3,6,0.8881583315202651
15,1,0,0.8408273297750753
16,1,0,0.7111882780216798
17,14,4,0.7947668941437471
18,14,0,0.8471188862973823
19,9,2,0.8555270755168871
20,9,4,0.8517321990859084
21,12,0,0.8679095186830844
22,12,2,0.8435979399632596
23,14,0,0.8342803855050928
24,14,0,0.739202921841931
25,14,0,0.8178804283376442
26,14,4,0.826509708514819
27,17,4,0.8655727786582939
28,17,4,0.8112773703784882
29,22,0,0.8772016309923218
30,22,0,0.8435979399632596
31,19,2,0.8899441269577398
32,19,0,0.8555270755168871
33,20,6,0.8419926017780082
34,20,0,0.8223044697092179
35,20,0,0.8695451266962764
36,20,0,0.8517321990859084
37,26,2,0.8556966465272513
38,26,0,0.7628215780470665
39,28,6,0.831819898975079
40,28,0,0.7590367710684428
41,27,4,0.8338850307570942
42,27,0,0.8573566421549129
43,17,0,0.8050186805657735
44,17,0,0.7947668941437471
45,33,4,0.8549116561430666
46,33,0,0.8470539893472615
47,31,0,0.8768501440830132
48,31,6,0.8212100359019135
49,28,0,0.8321345669145154
50,28,0,0.8112773703784882
51,39,4,0.8855449232160281
52,39,0,0.844471492760038
53,41,2,0.8682791876047764
54,41,0,0.8854716548441753
55,48,2,0.8502592469507095
56,48,0,0.8391185619063917
57,37,0,0.8881583315202651
58,37,0,0.8556966465272513
59,51,4,0.860934231290539
60,51,0,0.8181193677288677
61,39,0,0.7908411932762752
62,39,0,0.7660716431050963
63,26,0,0.8874103211858161
64,26,0,0.826509708514819
65,39,0,0.7856252651698649
66,39,0,0.831819898975079
67,59,2,0.8238668149920576
68,59,0,0.8584431239386439
69,53,2,0.7805642983722263
70,53,0,0.8682791876047764
71,41,0,0.8600306510387785
72,41,0,0.8338850307570942
73,27,0,0.8014271928194966
74,27,0,0.8655727786582939
75,48,0,0.817713688408623
76,48,0,0.8891950592822799
77,45,4,0.8896345492785662
78,45,6,0.9051513715411778
79,33,0,0.8640024121188574
80,33,4,0.8908506694157632
81,78,4,0.8536456951906286
82,78,4,0.8646544889886655
83,80,0,0.8973313651367112
84,80,4,0.8670575161938185
85,45,0,0.8824593687606433
86,45,0,0.8549116561430666
87,77,2,0.8611123682747135
88,77,0,0.8499046953885017
89,55,0,0.8899441269577398
90,55,0,0.8502592469507095
91,48,0,0.7793760796583393
92,48,0,0.8212100359019135
93,59,0,0.8513279977384445
94,59,0,0.860934231290539
95,67,0,0.8867846719060304
96,67,0,0.8238668149920576
97,69,0,0.8836592525340209
98,69,0,0.7805642983722263
99,80,0,0.8616738388470983
100,80,0,0.8908506694157632
101,78,0,0.8815177058216831
102,78,0,0.8817811846943853
103,77,0,0.8861267393929291
104,77,0,0.8896345492785662
105,84,2,0.9107900550505217
106,84,0,0.852251409011852
107,82,4,0.8951283548663497
108,82,0,0.8456386108775092
109,81,2,0.8393984385321172
110,81,0,0.8527289232078513
111,87,2,0.8958357080132276
112,87,0,0.8611123682747135
113,78,0,0.868534810462908
114,78,2,0.8675474266207519
115,51,0,0.7903056042023033
116,51,0,0.8855449232160281
117,82,0,0.903539227571172
118,82,0,0.8646544889886655
119,107,2,0.885921524808847
120,107,0,0.8766069805712259
121,114,2,0.844410224874082
122,114,0,0.8675474266207519
123,109,2,0.8752371687900461
124,109,0,0.8393984385321172
125,81,0,0.8876185276727623
126,81,0,0.8536456951906286
127,111,0,0.898116275120647
128,111,0,0.8958357080132276
129,33,0,0.9016857259265934
130,33,0,0.8419926017780082
131,84,4,0.9312855453340282
132,84,0,0.8670575161938185
133,105,2,0.8709475572648829
134,105,4,0.9242235179367451
135,131,2,0.8482419354483041
136,131,0,0.8628184217682617
137,134,2,0.9035057092485643
138,134,0,0.8992904256067118
139,119,0,0.9106030245662211
140,119,0,0.885921524808847
141,107,0,0.885382739509109
142,107,0,0.8951283548663497
143,121,0,0.9051513715411778
144,121,0,0.844410224874082
145,123,0,0.9049249943566787
146,123,0,0.8752371687900461
147,137,2,0.8947868615760157
148,137,0,0.9035057092485643
149,134,0,0.9022351143563534
150,134,2,0.9052166604588099
151,135,2,0.9057093528413172
152,135,0,0.8482419354483041
153,131,0,0.8610513748643045
154,131,8,0.8967252820606804
155,133,2,0.891734196905403
156,133,0,0.8709475572648829
157,154,0,0.9312855453340282
158,154,0,0.8859326836850069
159,154,0,0.8931694136264304
160,154,0,0.9162325904099714
161,154,0,0.9031778262640054
162,154,0,0.8603851078136416
163,154,0,0.8707625425904538
164,154,0,0.8967252820606804
165,151,0,0.9101586328346151
166,151,0,0.9057093528413172
167,150,0,0.9242235179367451
168,150,0,0.9052166604588099
169,147,0,0.9107900550505217
170,147,0,0.8947868615760157
171,155,0,0.8996810276432842
172,155,0,0.891734196905403
-
173,176,157,160,;
1,0,2,0.7111882780216798
2,0,0,0.7483682995759101
3,0,2,0.8836592525340209
4,0,0,0.7652286597378404
5,0,2,0.8563484585421973
6,0,0,0.7398453639192148
7,0,2,0.8679095186830844
8,0,0,0.7171822915639997
9,5,2,0.898116275120647
10,5,0,0.8563484585421973
11,7,0,0.8443794451678697
12,7,2,0.8772016309923218
13,3,0,0.8465499991085048
14,3,6,0.8881583315202651
15,1,0,0.8408273297750753
16,1,0,0.7111882780216798
17,14,4,0.7947668941437471
18,14,0,0.8471188862973823
19,9,2,0.8555270755168871
20,9,4,0.8517321990859084
21,12,0,0.8679095186830844
22,12,2,0.8435979399632596
23,14,0,0.8342803855050928
24,14,0,0.739202921841931
25,14,0,0.8178804283376442
26,14,4,0.826509708514819
27,17,4,0.8655727786582939
28,17,4,0.8112773703784882
29,22,0,0.8772016309923218
30,22,0,0.8435979399632596
31,19,2,0.8899441269577398
32,19,0,0.8555270755168871
33,20,6,0.8419926017780082
34,20,0,0.8223044697092179
35,20,0,0.8695451266962764
36,20,0,0.8517321990859084
37,26,2,0.8556966465272513
38,26,0,0.7628215780470665
39,28,6,0.831819898975079
40,28,0,0.7590367710684428
41,27,4,0.8338850307570942
42,27,0,0.8573566421549129
43,17,0,0.8050186805657735
44,17,0,0.7947668941437471
45,33,4,0.8549116561430666
46,33,0,0.8470539893472615
47,31,0,0.8768501440830132
48,31,6,0.8212100359019135
49,28,0,0.8321345669145154
50,28,0,0.8112773703784882
51,39,4,0.8855449232160281
52,39,0,0.844471492760038
53,41,2,0.8682791876047764
54,41,0,0.8854716548441753
55,48,2,0.8502592469507095
56,48,0,0.8391185619063917
57,37,0,0.8881583315202651
58,37,0,0.8556966465272513
59,51,4,0.860934231290539
60,51,0,0.8181193677288677
61,39,0,0.7908411932762752
62,39,0,0.7660716431050963
63,26,0,0.8874103211858161
64,26,0,0.826509708514819
65,39,0,0.7856252651698649
66,39,0,0.831819898975079
67,59,2,0.8238668149920576
68,59,0,0.8584431239386439
69,53,2,0.7805642983722263
70,53,0,0.8682791876047764
71,41,0,0.8600306510387785
72,41,0,0.8338850307570942
73,27,0,0.8014271928194966
74,27,0,0.8655727786582939
75,48,0,0.817713688408623
76,48,0,0.8891950592822799
77,45,4,0.8896345492785662
78,45,6,0.9051513715411778
79,33,0,0.8640024121188574
80,33,4,0.8908506694157632
81,78,4,0.8536456951906286
82,78,4,0.8646544889886655
83,80,0,0.8973313651367112
84,80,4,0.8670575161938185
85,45,0,0.8824593687606433
86,45,0,0.8549116561430666
87,77,2,0.8611123682747135
88,77,0,0.8499046953885017
89,55,0,0.8899441269577398
90,55,0,0.8502592469507095
91,48,0,0.7793760796583393
92,48,0,0.8212100359019135
93,59,0,0.8513279977384445
94,59,0,0.860934231290539
95,67,0,0.8867846719060304
96,67,0,0.8238668149920576
97,69,0,0.8836592525340209
98,69,0,0.7805642983722263
99,80,0,0.8616738388470983
100,80,0,0.8908506694157632
101,78,0,0.8815177058216831
102,78,0,0.8817811846943853
103,77,0,0.8861267393929291
104,77,0,0.8896345492785662
105,84,2,0.9107900550505217
106,84,0,0.852251409011852
107,82,4,0.8951283548663497
108,82,0,0.8456386108775092
109,81,2,0.8393984385321172
110,81,0,0.8527289232078513
111,87,2,0.8958357080132276
112,87,0,0.8611123682747135
113,78,0,0.868534810462908
114,78,2,0.8675474266207519
115,51,0,0.7903056042023033
116,51,0,0.8855449232160281
117,82,0,0.903539227571172
118,82,0,0.8646544889886655
119,107,2,0.885921524808847
120,107,0,0.8766069805712259
121,114,2,0.844410224874082
122,114,0,0.8675474266207519
123,109,2,0.8752371687900461
124,109,0,0.8393984385321172
125,81,0,0.8876185276727623
126,81,0,0.8536456951906286
127,111,0,0.898116275120647
128,111,0,0.8958357080132276
129,33,0,0.9016857259265934
130,33,0,0.8419926017780082
131,84,4,0.9312855453340282
132,84,0,0.8670575161938185
133,105,2,0.8709475572648829
134,105,4,0.9242235179367451
135,131,2,0.8482419354483041
136,131,0,0.8628184217682617
137,134,2,0.9035057092485643
138,134,0,0.8992904256067118
139,119,0,0.9106030245662211
140,119,0,0.885921524808847
141,107,0,0.885382739509109
142,107,0,0.8951283548663497
143,121,0,0.9051513715411778
144,121,0,0.844410224874082
145,123,0,0.9049249943566787
146,123,0,0.8752371687900461
147,137,2,0.8947868615760157
148,137,0,0.9035057092485643
149,134,0,0.9022351143563534
150,134,2,0.9052166604588099
151,135,2,0.9057093528413172
152,135,0,0.8482419354483041
153,131,0,0.8610513748643045
154,131,8,0.8967252820606804
155,133,2,0.891734196905403
156,133,0,0.8709475572648829
157,154,2,0.9046815407503049
158,154,0,0.8859326836850069
159,154,0,0.8931694136264304
160,154,2,0.9237956181086663
161,154,2,0.8907741883658254
162,154,0,0.8603851078136416
163,154,0,0.8707625425904538
164,154,0,0.8967252820606804
165,151,0,0.9101586328346151
166,151,0,0.9057093528413172
167,150,2,0.8877420993224813
168,150,0,0.9052166604588099
169,147,0,0.9107900550505217
170,147,0,0.8947868615760157
171,155,0,0.8996810276432842
172,155,0,0.891734196905403
173,157,0,0.9312855453340282
174,157,0,0.9046815407503049
175,160,0,0.9162325904099714
176,160,0,0.9237956181086663
177,161,0,0.9031778262640054
178,161,0,0.8907741883658254
179,167,0,0.9242235179367451
180,167,0,0.8877420993224813
-
2,8,7,;
1,0,0,0.6877024118587693
2,0,0,0.8654047612872672
3,0,0,0.7697245785336795
4,0,0,0.7680895703508422
5,0,0,0.7716465941880933
6,0,0,0.6663151150531335
7,0,0,0.7844280321963902
8,0,0,0.8222167739704612
-
9,11,8,;
1,0,0,0.6877024118587693
2,0,2,0.7843307735532878
3,0,0,0.7697245785336795
4,0,0,0.7680895703508422
5,0,0,0.7716465941880933
6,0,0,0.6663151150531335
7,0,2,0.7639394647922435
8,0,2,0.7658495638739713
9,2,0,0.8654047612872672
10,2,0,0.7843307735532878
11,8,0,0.8222167739704612
12,8,0,0.7658495638739713
13,7,0,0.7844280321963902
14,7,0,0.7639394647922435
-
2,9,15,18,11,;
1,0,0,0.6877024118587693
2,0,2,0.7843307735532878
3,0,0,0.7697245785336795
4,0,0,0.7680895703508422
5,0,0,0.7716465941880933
6,0,0,0.6663151150531335
7,0,2,0.7639394647922435
8,0,4,0.7464381000118981
9,2,2,0.8220344763587979
10,2,0,0.7843307735532878
11,8,2,0.8341485044926185
12,8,0,0.7658495638739713
13,7,0,0.7844280321963902
14,7,0,0.7639394647922435
15,9,0,0.8654047612872672
16,9,0,0.8220344763587979
17,11,0,0.8222167739704612
18,11,0,0.8341485044926185
19,8,0,0.8042880225559498
20,8,0,0.7464381000118981
-
22,9,15,27,;
1,0,0,0.6877024118587693
2,0,4,0.8663241927688998
3,0,0,0.7697245785336795
4,0,0,0.7680895703508422
5,0,0,0.7716465941880933
6,0,0,0.6663151150531335
7,0,2,0.7639394647922435
8,0,4,0.7464381000118981
9,2,4,0.7691125257935847
10,2,0,0.7843307735532878
11,8,4,0.7785385937540832
12,8,0,0.7658495638739713
13,7,0,0.7844280321963902
14,7,0,0.7639394647922435
15,9,2,0.8215473123081635
16,9,0,0.8220344763587979
17,11,0,0.8222167739704612
18,11,2,0.7626239282497497
19,8,0,0.8042880225559498
20,8,0,0.7464381000118981
21,2,0,0.7688312705417635
22,2,0,0.8663241927688998
23,9,0,0.814848638931168
24,9,0,0.7691125257935847
25,15,0,0.8654047612872672
26,15,0,0.8215473123081635
27,18,0,0.8341485044926185
28,18,0,0.7626239282497497
29,11,0,0.7937927844614546
30,11,0,0.7785385937540832
-
22,32,31,36,;
1,0,0,0.6877024118587693
2,0,4,0.8663241927688998
3,0,0,0.7697245785336795
4,0,0,0.7680895703508422
5,0,0,0.7716465941880933
6,0,0,0.6663151150531335
7,0,2,0.7639394647922435
8,0,4,0.7464381000118981
9,2,6,0.78310915302886
10,2,0,0.7843307735532878
11,8,4,0.7785385937540832
12,8,0,0.7658495638739713
13,7,0,0.7844280321963902
14,7,0,0.7639394647922435
15,9,4,0.8725197247966645
16,9,0,0.8220344763587979
17,11,0,0.8222167739704612
18,11,2,0.7626239282497497
19,8,0,0.8042880225559498
20,8,0,0.7464381000118981
21,2,0,0.7688312705417635
22,2,2,0.9012540654142197
23,9,0,0.814848638931168
24,9,0,0.7691125257935847
25,15,0,0.8654047612872672
26,15,0,0.8215473123081635
27,18,2,0.8157461815742553
28,18,0,0.7626239282497497
29,11,0,0.7937927844614546
30,11,0,0.7785385937540832
31,22,0,0.8663241927688998
32,22,0,0.9012540654142197
33,9,0,0.8229521129149329
34,9,0,0.78310915302886
35,15,0,0.8177707420903931
36,15,0,0.8725197247966645
37,27,0,0.8341485044926185
38,27,0,0.8157461815742553
-
32,31,41,;
1,0,0,0.6877024118587693
2,0,4,0.8663241927688998
3,0,0,0.7697245785336795
4,0,0,0.7680895703508422
5,0,0,0.7716465941880933
6,0,0,0.6663151150531335
7,0,2,0.7639394647922435
8,0,4,0.7464381000118981
9,2,6,0.78310915302886
10,2,0,0.7843307735532878
11,8,4,0.7785385937540832
12,8,0,0.7658495638739713
13,7,0,0.7844280321963902
14,7,0,0.7639394647922435
15,9,4,0.8725197247966645
16,9,0,0.8220344763587979
17,11,0,0.8222167739704612
18,11,2,0.7626239282497497
19,8,0,0.8042880225559498
20,8,0,0.7464381000118981
21,2,0,0.7688312705417635
22,2,4,0.8310917936981502
23,9,0,0.814848638931168
24,9,0,0.7691125257935847
25,15,0,0.8654047612872672
26,15,0,0.8215473123081635
27,18,2,0.8157461815742553
28,18,0,0.7626239282497497
29,11,0,0.7937927844614546
30,11,0,0.7785385937540832
31,22,2,0.8301350285712421
32,22,2,0.8488652693729556
33,9,0,0.8229521129149329
34,9,0,0.78310915302886
35,15,0,0.8177707420903931
36,15,2,0.8668177652590683
37,27,0,0.8341485044926185
38,27,0,0.8157461815742553
39,22,0,0.8503082658743546
40,22,0,0.8310917936981502
41,32,0,0.9012540654142197
42,32,0,0.8488652693729556
43,31,0,0.8663241927688998
44,31,0,0.8301350285712421
45,36,0,0.8725197247966645
46,36,0,0.8668177652590683
-
32,48,41,22,;
1,0,0,0.6877024118587693
2,0,4,0.8663241927688998
3,0,0,0.7697245785336795
4,0,0,0.7680895703508422
5,0,0,0.7716465941880933
6,0,0,0.6663151150531335
7,0,2,0.7639394647922435
8,0,4,0.7464381000118981
9,2,6,0.78310915302886
10,2,0,0.7843307735532878
11,8,4,0.7785385937540832
12,8,0,0.7658495638739713
13,7,0,0.7844280321963902
14,7,0,0.7639394647922435
15,9,4,0.8725197247966645
16,9,0,0.8220344763587979
17,11,0,0.8222167739704612
18,11,2,0.7626239282497497
19,8,0,0.8042880225559498
20,8,0,0.7464381000118981
21,2,0,0.7688312705417635
22,2,4,0.8310917936981502
23,9,0,0.814848638931168
24,9,0,0.7691125257935847
25,15,0,0.8654047612872672
26,15,0,0.8215473123081635
27,18,2,0.8157461815742553
28,18,0,0.7626239282497497
29,11,0,0.7937927844614546
30,11,0,0.7785385937540832
31,22,4,0.8145484630023124
32,22,4,0.9580256071047857
33,9,0,0.8229521129149329
34,9,0,0.78310915302886
35,15,0,0.8177707420903931
36,15,2,0.8668177652590683
37,27,0,0.8341485044926185
38,27,0,0.8157461815742553
39,22,0,0.8503082658743546
40,22,0,0.8310917936981502
41,32,2,0.8142535044509388
42,32,0,0.8488652693729556
43,31,0,0.8663241927688998
44,31,0,0.8301350285712421
45,36,0,0.8725197247966645
46,36,0,0.8668177652590683
47,32,0,0.883204380987229
48,32,0,0.9580256071047857
49,31,0,0.8631493597100509
50,31,0,0.8145484630023124
51,41,0,0.9012540654142197
52,41,0,0.8142535044509388
-
58,48,55,32,;
1,0,0,0.6877024118587693
2,0,4,0.8663241927688998
3,0,0,0.7697245785336795
4,0,0,0.7680895703508422
5,0,0,0.7716465941880933
6,0,0,0.6663151150531335
7,0,2,0.7639394647922435
8,0,4,0.7464381000118981
9,2,6,0.78310915302886
10,2,0,0.7843307735532878
11,8,4,0.7785385937540832
12,8,0,0.7658495638739713
13,7,0,0.7844280321963902
14,7,0,0.7639394647922435
15,9,4,0.8725197247966645
16,9,0,0.8220344763587979
17,11,0,0.8222167739704612
18,11,2,0.7626239282497497
19,8,0,0.8042880225559498
20,8,0,0.7464381000118981
21,2,0,0.7688312705417635
22,2,6,0.7864395891160806
23,9,0,0.814848638931168
24,9,0,0.7691125257935847
25,15,0,0.8654047612872672
26,15,0,0.8215473123081635
27,18,2,0.8157461815742553
28,18,0,0.7626239282497497
29,11,0,0.7937927844614546
30,11,0,0.7785385937540832
31,22,4,0.8145484630023124
32,22,6,0.8269662502419
33,9,0,0.8229521129149329
34,9,0,0.78310915302886
35,15,0,0.8177707420903931
36,15,2,0.8668177652590683
37,27,0,0.8341485044926185
38,27,0,0.8157461815742553
39,22,0,0.8503082658743546
40,22,0,0.8310917936981502
41,32,4,0.9710120797977749
42,32,0,0.8488652693729556
43,31,0,0.8663241927688998
44,31,0,0.8301350285712421
45,36,0,0.8725197247966645
46,36,0,0.8668177652590683
47,32,0,0.883204380987229
48,32,2,0.8887533818561999
49,31,0,0.8631493597100509
50,31,0,0.8145484630023124
51,41,0,0.9012540654142197
52,41,0,0.8142535044509388
53,32,0,0.8246103546260304
54,32,0,0.8269662502419
55,48,0,0.9580256071047857
56,48,0,0.8887533818561999
57,41,0,0.9138565520520019
58,41,0,0.9710120797977749
59,22,0,0.8877034622163892
60,22,0,0.7864395891160806
-
55,66,61,58,57,48,68,;
1,0,0,0.6877024118587693
2,0,4,0.8663241927688998
3,0,0,0.7697245785336795
4,0,0,0.7680895703508422
5,0,0,0.7716465941880933
6,0,0,0.6663151150531335
7,0,2,0.7639394647922435
8,0,4,0.7464381000118981
9,2,6,0.78310915302886
10,2,0,0.7843307735532878
11,8,4,0.7785385937540832
12,8,0,0.7658495638739713
13,7,0,0.7844280321963902
14,7,0,0.7639394647922435
15,9,4,0.8725197247966645
16,9,0,0.8220344763587979
17,11,0,0.8222167739704612
18,11,2,0.7626239282497497
19,8,0,0.8042880225559498
20,8,0,0.7464381000118981
21,2,0,0.7688312705417635
22,2,6,0.7864395891160806
23,9,0,0.814848638931168
24,9,0,0.7691125257935847
25,15,0,0.8654047612872672
26,15,0,0.8215473123081635
27,18,2,0.8157461815742553
28,18,0,0.7626239282497497
29,11,0,0.7937927844614546
30,11,0,0.7785385937540832
31,22,4,0.8145484630023124
32,22,8,0.9261325487092582
33,9,0,0.8229521129149329
34,9,0,0.78310915302886
35,15,0,0.8177707420903931
36,15,2,0.8668177652590683
37,27,0,0.8341485044926185
38,27,0,0.8157461815742553
39,22,0,0.8503082658743546
40,22,0,0.8310917936981502
41,32,4,0.9710120797977749
42,32,0,0.8488652693729556
43,31,0,0.8663241927688998
44,31,0,0.8301350285712421
45,36,0,0.8725197247966645
46,36,0,0.8668177652590683
47,32,0,0.883204380987229
48,32,4,0.9468648540037675
49,31,0,0.8631493597100509
50,31,0,0.8145484630023124
51,41,0,0.9012540654142197
52,41,0,0.8142535044509388
53,32,0,0.8246103546260304
54,32,0,0.8269662502419
55,48,2,0.9647662396037336
56,48,0,0.8887533818561999
57,41,0,0.9138565520520019
58,41,2,0.9034178907068514
59,22,0,0.8877034622163892
60,22,0,0.7864395891160806
61,58,0,0.9710120797977749
62,58,0,0.9034178907068514
63,48,0,0.9171670247011525
64,48,0,0.9468648540037675
65,55,0,0.9580256071047857
66,55,0,0.9647662396037336
67,32,0,0.899184898450185
68,32,0,0.9261325487092582
-
58,65,66,71,61,73,;
1,0,0,0.6877024118587693
2,0,4,0.8663241927688998
3,0,0,0.7697245785336795
4,0,0,0.7680895703508422
5,0,0,0.7716465941880933
6,0,0,0.6663151150531335
7,0,2,0.7639394647922435
8,0,4,0.7464381000118981
9,2,6,0.78310915302886
10,2,0,0.7843307735532878
11,8,4,0.7785385937540832
12,8,0,0.7658495638739713
13,7,0,0.7844280321963902
14,7,0,0.7639394647922435
15,9,4,0.8725197247966645
16,9,0,0.8220344763587979
17,11,0,0.8222167739704612
18,11,2,0.7626239282497497
19,8,0,0.8042880225559498
20,8,0,0.7464381000118981
21,2,0,0.7688312705417635
22,2,6,0.7864395891160806
23,9,0,0.814848638931168
24,9,0,0.7691125257935847
25,15,0,0.8654047612872672
26,15,0,0.8215473123081635
27,18,2,0.8157461815742553
28,18,0,0.7626239282497497
29,11,0,0.7937927844614546
30,11,0,0.7785385937540832
31,22,4,0.8145484630023124
32,22,8,0.9261325487092582
33,9,0,0.8229521129149329
34,9,0,0.78310915302886
35,15,0,0.8177707420903931
36,15,2,0.8668177652590683
37,27,0,0.8341485044926185
38,27,0,0.8157461815742553
39,22,0,0.8503082658743546
40,22,0,0.8310917936981502
41,32,4,0.9710120797977749
42,32,0,0.8488652693729556
43,31,0,0.8663241927688998
44,31,0,0.8301350285712421
45,36,0,0.8725197247966645
46,36,0,0.8668177652590683
47,32,0,0.883204380987229
48,32,6,0.9050956826429656
49,31,0,0.8631493597100509
50,31,0,0.8145484630023124
51,41,0,0.9012540654142197
52,41,0,0.8142535044509388
53,32,0,0.8246103546260304
54,32,0,0.8269662502419
55,48,4,0.9083294135011062
56,48,0,0.8887533818561999
57,41,2,0.9034417178481022
58,41,4,0.8926262126255461
59,22,0,0.8877034622163892
60,22,0,0.7864395891160806
61,58,2,0.9077774033853833
62,58,0,0.9034178907068514
63,48,0,0.9171670247011525
64,48,0,0.9468648540037675
65,55,0,0.9580256071047857
66,55,2,0.9496267373878342
67,32,0,0.899184898450185
68,32,2,0.9205476527036585
69,55,0,0.8985799892403659
70,55,0,0.9083294135011062
71,66,0,0.9647662396037336
72,66,0,0.9496267373878342
73,61,0,0.9710120797977749
74,61,0,0.9077774033853833
75,58,0,0.9067666437482474
76,58,0,0.8926262126255461
77,57,0,0.9138565520520019
78,57,0,0.9034417178481022
79,48,0,0.906103812065359
80,48,0,0.9050956826429656
81,68,0,0.9261325487092582
82,68,0,0.9205476527036585
-
58,61,73,93,91,94,89,72,66,65,;
1,0,0,0.6877024118587693
2,0,4,0.8663241927688998
3,0,0,0.7697245785336795
4,0,0,0.7680895703508422
5,0,0,0.7716465941880933
6,0,0,0.6663151150531335
7,0,2,0.7639394647922435
8,0,4,0.7464381000118981
9,2,6,0.78310915302886
10,2,0,0.7843307735532878
11,8,4,0.7785385937540832
12,8,0,0.7658495638739713
13,7,0,0.7844280321963902
14,7,0,0.7639394647922435
15,9,4,0.8725197247966645
16,9,0,0.8220344763587979
17,11,0,0.8222167739704612
18,11,2,0.7626239282497497
19,8,0,0.8042880225559498
20,8,0,0.7464381000118981
21,2,0,0.7688312705417635
22,2,6,0.7864395891160806
23,9,0,0.814848638931168
24,9,0,0.7691125257935847
25,15,0,0.8654047612872672
26,15,0,0.8215473123081635
27,18,2,0.8157461815742553
28,18,0,0.7626239282497497
29,11,0,0.7937927844614546
30,11,0,0.7785385937540832
31,22,4,0.8145484630023124
32,22,8,0.9261325487092582
33,9,0,0.8229521129149329
34,9,0,0.78310915302886
35,15,0,0.8177707420903931
36,15,2,0.8668177652590683
37,27,0,0.8341485044926185
38,27,0,0.8157461815742553
39,22,0,0.8503082658743546
40,22,0,0.8310917936981502
41,32,4,0.9710120797977749
42,32,0,0.8488652693729556
43,31,0,0.8663241927688998
44,31,0,0.8301350285712421
45,36,0,0.8725197247966645
46,36,0,0.8668177652590683
47,32,0,0.883204380987229
48,32,6,0.9050956826429656
49,31,0,0.8631493597100509
50,31,0,0.8145484630023124
51,41,0,0.9012540654142197
52,41,0,0.8142535044509388
53,32,0,0.8246103546260304
54,32,0,0.8269662502419
55,48,4,0.9083294135011062
56,48,0,0.8887533818561999
57,41,2,0.9034417178481022
58,41,6,0.8880677362771664
59,22,0,0.8877034622163892
60,22,0,0.7864395891160806
61,58,4,0.926005128443524
62,58,0,0.9034178907068514
63,48,0,0.9171670247011525
64,48,0,0.9468648540037675
65,55,2,0.9149630220470453
66,55,4,0.9498540012322317
67,32,0,0.899184898450185
68,32,2,0.9205476527036585
69,55,0,0.8985799892403659
70,55,0,0.9083294135011062
71,66,2,0.956528181995884
72,66,0,0.9496267373878342
73,61,2,0.9480847627965303
74,61,0,0.9077774033853833
75,58,0,0.9067666437482474
76,58,0,0.8926262126255461
77,57,0,0.9138565520520019
78,57,0,0.9034417178481022
79,48,0,0.906103812065359
80,48,0,0.9050956826429656
81,68,0,0.9261325487092582
82,68,0,0.9205476527036585
83,58,0,0.927582533457455
84,58,0,0.8880677362771664
85,65,0,0.9580256071047857
86,65,0,0.9149630220470453
87,66,0,0.9203073550864677
88,66,0,0.9498540012322317
89,71,0,0.9647662396037336
90,71,0,0.956528181995884
91,61,0,0.9465536997814129
92,61,0,0.926005128443524
93,73,0,0.9710120797977749
94,73,0,0.9480847627965303
-
112,112,112,112,88,90,89,;
1,0,0,0.6877024118587693
2,0,4,0.8663241927688998
3,0,0,0.7697245785336795
4,0,0,0.7680895703508422
5,0,0,0.7716465941880933
6,0,0,0.6663151150531335
7,0,2,0.7639394647922435
8,0,4,0.7464381000118981
9,2,6,0.78310915302886
10,2,0,0.7843307735532878
11,8,4,0.7785385937540832
12,8,0,0.7658495638739713
13,7,0,0.7844280321963902
14,7,0,0.7639394647922435
15,9,4,0.8725197247966645
16,9,0,0.8220344763587979
17,11,0,0.8222167739704612
18,11,2,0.7626239282497497
19,8,0,0.8042880225559498
20,8,0,0.7464381000118981
21,2,0,0.7688312705417635
22,2,6,0.7864395891160806
23,9,0,0.814848638931168
24,9,0,0.7691125257935847
25,15,0,0.8654047612872672
26,15,0,0.8215473123081635
27,18,2,0.8157461815742553
28,18,0,0.7626239282497497
29,11,0,0.7937927844614546
30,11,0,0.7785385937540832
31,22,4,0.8145484630023124
32,22,8,0.9261325487092582
33,9,0,0.8229521129149329
34,9,0,0.78310915302886
35,15,0,0.8177707420903931
36,15,2,0.8668177652590683
37,27,0,0.8341485044926185
38,27,0,0.8157461815742553
39,22,0,0.8503082658743546
40,22,0,0.8310917936981502
41,32,4,0.9710120797977749
42,32,0,0.8488652693729556
43,31,0,0.8663241927688998
44,31,0,0.8301350285712421
45,36,0,0.8725197247966645
46,36,0,0.8668177652590683
47,32,0,0.883204380987229
48,32,6,0.9050956826429656
49,31,0,0.8631493597100509
50,31,0,0.8145484630023124
51,41,0,0.9012540654142197
52,41,0,0.8142535044509388
53,32,0,0.8246103546260304
54,32,0,0.8269662502419
55,48,4,0.9083294135011062
56,48,0,0.8887533818561999
57,41,2,0.9034417178481022
58,41,8,0.9156344511454286
59,22,0,0.8877034622163892
60,22,0,0.7864395891160806
61,58,6,0.9407651744230086
62,58,0,0.9034178907068514
63,48,0,0.9171670247011525
64,48,0,0.9468648540037675
65,55,4,0.9522086979038111
66,55,6,0.9865975000758201
67,32,0,0.899184898450185
68,32,2,0.9205476527036585
69,55,0,0.8985799892403659
70,55,0,0.9083294135011062
71,66,2,0.956528181995884
72,66,2,0.9317181762729625
73,61,4,0.9261840476772123
74,61,0,0.9077774033853833
75,58,0,0.9067666437482474
76,58,0,0.8926262126255461
77,57,0,0.9138565520520019
78,57,0,0.9034417178481022
79,48,0,0.906103812065359
80,48,0,0.9050956826429656
81,68,0,0.9261325487092582
82,68,0,0.9205476527036585
83,58,0,0.927582533457455
84,58,0,0.8880677362771664
85,65,0,0.9580256071047857
86,65,0,0.9149630220470453
87,66,0,0.9203073550864677
88,66,0,0.9498540012322317
89,71,2,0.9335684436924675
90,71,0,0.956528181995884
91,61,2,0.895204701954782
92,61,0,0.926005128443524
93,73,2,0.9378171937918531
94,73,2,0.917801827955702
95,58,0,0.9264868669843118
96,58,0,0.9156344511454286
97,61,0,0.9331834255455099
98,61,0,0.9407651744230086
99,73,0,0.9183411392141497
100,73,0,0.9261840476772123
101,93,0,0.9710120797977749
102,93,0,0.9378171937918531
103,91,0,0.9465536997814129
104,91,0,0.895204701954782
105,94,0,0.9480847627965303
106,94,0,0.917801827955702
107,89,0,0.9647662396037336
108,89,0,0.9335684436924675
109,72,0,0.9496267373878342
110,72,0,0.9317181762729625
111,66,0,0.9209468405388477
112,66,0,0.9865975000758201
113,65,0,0.9513899016233092
114,65,0,0.9522086979038111
-
115,117,118,121,;
1,0,0,0.6877024118587693
2,0,4,0.8663241927688998
3,0,0,0.7697245785336795
4,0,0,0.7680895703508422
5,0,0,0.7716465941880933
6,0,0,0.6663151150531335
7,0,2,0.7639394647922435
8,0,4,0.7464381000118981
9,2,6,0.78310915302886
10,2,0,0.7843307735532878
11,8,4,0.7785385937540832
12,8,0,0.7658495638739713
13,7,0,0.7844280321963902
14,7,0,0.7639394647922435
15,9,4,0.8725197247966645
16,9,0,0.8220344763587979
17,11,0,0.8222167739704612
18,11,2,0.7626239282497497
19,8,0,0.8042880225559498
20,8,0,0.7464381000118981
21,2,0,0.7688312705417635
22,2,6,0.7864395891160806
23,9,0,0.814848638931168
24,9,0,0.7691125257935847
25,15,0,0.8654047612872672
26,15,0,0.8215473123081635
27,18,2,0.8157461815742553
28,18,0,0.7626239282497497
29,11,0,0.7937927844614546
30,11,0,0.7785385937540832
31,22,4,0.8145484630023124
32,22,8,0.9261325487092582
33,9,0,0.8229521129149329
34,9,0,0.78310915302886
35,15,0,0.8177707420903931
36,15,2,0.8668177652590683
37,27,0,0.8341485044926185
38,27,0,0.8157461815742553
39,22,0,0.8503082658743546
40,22,0,0.8310917936981502
41,32,4,0.9710120797977749
42,32,0,0.8488652693729556
43,31,0,0.8663241927688998
44,31,0,0.8301350285712421
45,36,0,0.8725197247966645
46,36,0,0.8668177652590683
47,32,0,0.883204380987229
48,32,6,0.9050956826429656
49,31,0,0.8631493597100509
50,31,0,0.8145484630023124
51,41,0,0.9012540654142197
52,41,0,0.8142535044509388
53,32,0,0.8246103546260304
54,32,0,0.8269662502419
55,48,4,0.9083294135011062
56,48,0,0.8887533818561999
57,41,2,0.9034417178481022
58,41,8,0.9156344511454286
59,22,0,0.8877034622163892
60,22,0,0.7864395891160806
61,58,6,0.9407651744230086
62,58,0,0.9034178907068514
63,48,0,0.9171670247011525
64,48,0,0.9468648540037675
65,55,4,0.9522086979038111
66,55,6,0.9865975000758201
67,32,0,0.899184898450185
68,32,2,0.9205476527036585
69,55,0,0.8985799892403659
70,55,0,0.9083294135011062
71,66,2,0.956528181995884
72,66,2,0.9317181762729625
73,61,4,0.9261840476772123
74,61,0,0.9077774033853833
75,58,0,0.9067666437482474
76,58,0,0.8926262126255461
77,57,0,0.9138565520520019
78,57,0,0.9034417178481022
79,48,0,0.906103812065359
80,48,0,0.9050956826429656
81,68,0,0.9261325487092582
82,68,0,0.9205476527036585
83,58,0,0.927582533457455
84,58,0,0.8880677362771664
85,65,0,0.9580256071047857
86,65,0,0.9149630220470453
87,66,0,0.9203073550864677
88,66,2,0.9659474120921979
89,71,4,0.9455823793116768
90,71,2,0.9294243804677682
91,61,2,0.895204701954782
92,61,0,0.926005128443524
93,73,2,0.9378171937918531
94,73,2,0.917801827955702
95,58,0,0.9264868669843118
96,58,0,0.9156344511454286
97,61,0,0.9331834255455099
98,61,0,0.9407651744230086
99,73,0,0.9183411392141497
100,73,0,0.9261840476772123
101,93,0,0.9710120797977749
102,93,0,0.9378171937918531
103,91,0,0.9465536997814129
104,91,0,0.895204701954782
105,94,0,0.9480847627965303
106,94,0,0.917801827955702
107,89,0,0.9647662396037336
108,89,0,0.9335684436924675
109,72,0,0.9496267373878342
110,72,0,0.9317181762729625
111,66,0,0.9209468405388477
112,66,8,0.9488262196233458
113,65,0,0.9513899016233092
114,65,0,0.9522086979038111
115,112,0,0.9865975000758201
116,112,0,0.982257983447575
117,112,0,0.9418410851206118
118,112,0,0.9298226121455571
119,112,0,0.9431753331173126
120,112,0,0.9391030963505079
121,112,0,0.9670523854269617
122,112,0,0.9488262196233458
123,88,0,0.9498540012322317
124,88,0,0.9659474120921979
125,90,0,0.956528181995884
126,90,0,0.9294243804677682
127,89,0,0.942666468349393
128,89,0,0.9455823793116768
-
129,116,112,136,71,;
1,0,0,0.6877024118587693
2,0,4,0.8663241927688998
3,0,0,0.7697245785336795
4,0,0,0.7680895703508422
5,0,0,0.7716465941880933
6,0,0,0.6663151150531335
7,0,2,0.7639394647922435
8,0,4,0.7464381000118981
9,2,6,0.78310915302886
10,2,0,0.7843307735532878
11,8,4,0.7785385937540832
12,8,0,0.7658495638739713
13,7,0,0.7844280321963902
14,7,0,0.7639394647922435
15,9,4,0.8725197247966645
16,9,0,0.8220344763587979
17,11,0,0.8222167739704612
18,11,2,0.7626239282497497
19,8,0,0.8042880225559498
20,8,0,0.7464381000118981
21,2,0,0.7688312705417635
22,2,6,0.7864395891160806
23,9,0,0.814848638931168
24,9,0,0.7691125257935847
25,15,0,0.8654047612872672
26,15,0,0.8215473123081635
27,18,2,0.8157461815742553
28,18,0,0.7626239282497497
29,11,0,0.7937927844614546
30,11,0,0.7785385937540832
31,22,4,0.8145484630023124
32,22,8,0.9261325487092582
33,9,0,0.8229521129149329
34,9,0,0.78310915302886
35,15,0,0.8177707420903931
36,15,2,0.8668177652590683
37,27,0,0.8341485044926185
38,27,0,0.8157461815742553
39,22,0,0.8503082658743546
40,22,0,0.8310917936981502
41,32,4,0.9710120797977749
42,32,0,0.8488652693729556
43,31,0,0.8663241927688998
44,31,0,0.8301350285712421
45,36,0,0.8725197247966645
46,36,0,0.8668177652590683
47,32,0,0.883204380987229
48,32,6,0.9050956826429656
49,31,0,0.8631493597100509
50,31,0,0.8145484630023124
51,41,0,0.9012540654142197
52,41,0,0.8142535044509388
53,32,0,0.8246103546260304
54,32,0,0.8269662502419
55,48,4,0.9083294135011062
56,48,0,0.8887533818561999
57,41,2,0.9034417178481022
58,41,8,0.9156344511454286
59,22,0,0.8877034622163892
60,22,0,0.7864395891160806
61,58,6,0.9407651744230086
62,58,0,0.9034178907068514
63,48,0,0.9171670247011525
64,48,0,0.9468648540037675
65,55,4,0.9522086979038111
66,55,6,0.9865975000758201
67,32,0,0.899184898450185
68,32,2,0.9205476527036585
69,55,0,0.8985799892403659
70,55,0,0.9083294135011062
71,66,2,0.956528181995884
72,66,2,0.9317181762729625
73,61,4,0.9261840476772123
74,61,0,0.9077774033853833
75,58,0,0.9067666437482474
76,58,0,0.8926262126255461
77,57,0,0.9138565520520019
78,57,0,0.9034417178481022
79,48,0,0.906103812065359
80,48,0,0.9050956826429656
81,68,0,0.9261325487092582
82,68,0,0.9205476527036585
83,58,0,0.927582533457455
84,58,0,0.8880677362771664
85,65,0,0.9580256071047857
86,65,0,0.9149630220470453
87,66,0,0.9203073550864677
88,66,2,0.9659474120921979
89,71,4,0.9455823793116768
90,71,2,0.9294243804677682
91,61,2,0.895204701954782
92,61,0,0.926005128443524
93,73,2,0.9378171937918531
94,73,2,0.917801827955702
95,58,0,0.9264868669843118
96,58,0,0.9156344511454286
97,61,0,0.9331834255455099
98,61,0,0.9407651744230086
99,73,0,0.9183411392141497
100,73,0,0.9261840476772123
101,93,0,0.9710120797977749
102,93,0,0.9378171937918531
103,91,0,0.9465536997814129
104,91,0,0.895204701954782
105,94,0,0.9480847627965303
106,94,0,0.917801827955702
107,89,0,0.9647662396037336
108,89,0,0.9335684436924675
109,72,0,0.9496267373878342
110,72,0,0.9317181762729625
111,66,0,0.9209468405388477
112,66,8,0.9488262196233458
113,65,0,0.9513899016233092
114,65,0,0.9522086979038111
115,112,2,0.9659342815305183
116,112,0,0.982257983447575
117,112,2,0.9482147152264526
118,112,2,0.9111679293139409
119,112,0,0.9431753331173126
120,112,0,0.9391030963505079
121,112,2,0.979603147487953
122,112,0,0.9488262196233458
123,88,0,0.9498540012322317
124,88,0,0.9659474120921979
125,90,0,0.956528181995884
126,90,0,0.9294243804677682
127,89,0,0.942666468349393
128,89,0,0.9455823793116768
129,115,0,0.9865975000758201
130,115,0,0.9659342815305183
131,117,0,0.9418410851206118
132,117,0,0.9482147152264526
133,118,0,0.9298226121455571
134,118,0,0.9111679293139409
135,121,0,0.9670523854269617
136,121,0,0.979603147487953
-
66,115,129,;
1,0,0,0.6877024118587693
2,0,4,0.8663241927688998
3,0,0,0.7697245785336795
4,0,0,0.7680895703508422
5,0,0,0.7716465941880933
6,0,0,0.6663151150531335
7,0,2,0.7639394647922435
8,0,4,0.7464381000118981
9,2,6,0.78310915302886
10,2,0,0.7843307735532878
11,8,4,0.7785385937540832
12,8,0,0.7658495638739713
13,7,0,0.7844280321963902
14,7,0,0.7639394647922435
15,9,4,0.8725197247966645
16,9,0,0.8220344763587979
17,11,0,0.8222167739704612
18,11,2,0.7626239282497497
19,8,0,0.8042880225559498
20,8,0,0.7464381000118981
21,2,0,0.7688312705417635
22,2,6,0.7864395891160806
23,9,0,0.814848638931168
24,9,0,0.7691125257935847
25,15,0,0.8654047612872672
26,15,0,0.8215473123081635
27,18,2,0.8157461815742553
28,18,0,0.7626239282497497
29,11,0,0.7937927844614546
30,11,0,0.7785385937540832
31,22,4,0.8145484630023124
32,22,8,0.9261325487092582
33,9,0,0.8229521129149329
34,9,0,0.78310915302886
35,15,0,0.8177707420903931
36,15,2,0.8668177652590683
37,27,0,0.8341485044926185
38,27,0,0.8157461815742553
39,22,0,0.8503082658743546
40,22,0,0.8310917936981502
41,32,4,0.9710120797977749
42,32,0,0.8488652693729556
43,31,0,0.8663241927688998
44,31,0,0.8301350285712421
45,36,0,0.8725197247966645
46,36,0,0.8668177652590683
47,32,0,0.883204380987229
48,32,6,0.9050956826429656
49,31,0,0.8631493597100509
50,31,0,0.8145484630023124
51,41,0,0.9012540654142197
52,41,0,0.8142535044509388
53,32,0,0.8246103546260304
54,32,0,0.8269662502419
55,48,4,0.9083294135011062
56,48,0,0.8887533818561999
57,41,2,0.9034417178481022
58,41,8,0.9156344511454286
59,22,0,0.8877034622163892
60,22,0,0.7864395891160806
61,58,6,0.9407651744230086
62,58,0,0.9034178907068514
63,48,0,0.9171670247011525
64,48,0,0.9468648540037675
65,55,4,0.9522086979038111
66,55,6,0.9865975000758201
67,32,0,0.899184898450185
68,32,2,0.9205476527036585
69,55,0,0.8985799892403659
70,55,0,0.9083294135011062
71,66,4,0.9130767426424479
72,66,2,0.9317181762729625
73,61,4,0.9261840476772123
74,61,0,0.9077774033853833
75,58,0,0.9067666437482474
76,58,0,0.8926262126255461
77,57,0,0.9138565520520019
78,57,0,0.9034417178481022
79,48,0,0.906103812065359
80,48,0,0.9050956826429656
81,68,0,0.9261325487092582
82,68,0,0.9205476527036585
83,58,0,0.927582533457455
84,58,0,0.8880677362771664
85,65,0,0.9580256071047857
86,65,0,0.9149630220470453
87,66,0,0.9203073550864677
88,66,2,0.9659474120921979
89,71,4,0.9455823793116768
90,71,2,0.9294243804677682
91,61,2,0.895204701954782
92,61,0,0.926005128443524
93,73,2,0.9378171937918531
94,73,2,0.917801827955702
95,58,0,0.9264868669843118
96,58,0,0.9156344511454286
97,61,0,0.9331834255455099
98,61,0,0.9407651744230086
99,73,0,0.9183411392141497
100,73,0,0.9261840476772123
101,93,0,0.9710120797977749
102,93,0,0.9378171937918531
103,91,0,0.9465536997814129
104,91,0,0.895204701954782
105,94,0,0.9480847627965303
106,94,0,0.917801827955702
107,89,0,0.9647662396037336
108,89,0,0.9335684436924675
109,72,0,0.9496267373878342
110,72,0,0.9317181762729625
111,66,0,0.9209468405388477
112,66,10,0.9025568566576776
113,65,0,0.9513899016233092
114,65,0,0.9522086979038111
115,112,2,0.9659342815305183
116,112,2,0.9712949596854759
117,112,2,0.9482147152264526
118,112,2,0.9111679293139409
119,112,0,0.9431753331173126
120,112,0,0.9391030963505079
121,112,2,0.979603147487953
122,112,0,0.9488262196233458
123,88,0,0.9498540012322317
124,88,0,0.9659474120921979
125,90,0,0.956528181995884
126,90,0,0.9294243804677682
127,89,0,0.942666468349393
128,89,0,0.9455823793116768
129,115,2,0.9480732376495048
130,115,0,0.9659342815305183
131,117,0,0.9418410851206118
132,117,0,0.9482147152264526
133,118,0,0.9298226121455571
134,118,0,0.9111679293139409
135,121,0,0.9670523854269617
136,121,2,0.9665338262082432
137,129,0,0.9865975000758201
138,129,0,0.9480732376495048
139,116,0,0.982257983447575
140,116,0,0.9712949596854759
141,112,0,0.9532390851523262
142,112,0,0.9025568566576776
143,136,0,0.979603147487953
144,136,0,0.9665338262082432
145,71,0,0.9418233950279367
146,71,0,0.9130767426424479
-
